Male variance: 2713652140.430622
Female variance: 2779779055.1600246
F: 0.9762114493931979
F-critical: 1.0589631161934838
p-value: 0.7561062903919575
Fail to reject H0
F: 0.9762114493931979
F-critical: 0.9444965709005915
p-value: 0.2438937096080424
Fail to reject H0
F: 1.0243682356128774
F-critical: 1.0704081011758682
p-value: 0.4877874192160849
Fail to reject H0
